100 360
1 2
1 11
2 1
2 12
2 3
3 2
3 13
3 4
4 3
4 14
4 5
5 4
5 15
5 6
6 5
6 16
6 7
7 6
7 17
7 8
8 7
8 18
8 9
9 8
9 19
9 10
10 9
10 20
11 1
11 12
11 21
12 13
12 11
12 22
12 2
13 14
13 12
13 23
13 3
14 15
14 13
14 24
14 4
15 16
15 14
15 25
15 5
16 17
16 15
16 26
16 6
17 18
17 16
17 27
17 7
18 19
18 17
18 28
18 8
19 20
19 18
19 29
19 9
20 10
20 19
20 30
21 11
21 22
21 31
22 23
22 21
22 32
22 12
23 24
23 22
23 33
23 13
24 25
24 23
24 34
24 14
25 26
25 24
25 35
25 15
26 27
26 25
26 36
26 16
27 28
27 26
27 37
27 17
28 29
28 27
28 38
28 18
29 30
29 28
29 39
29 19
30 20
30 29
30 40
31 21
31 32
31 41
32 33
32 31
32 42
32 22
33 34
33 32
33 43
33 23
34 35
34 33
34 44
34 24
35 36
35 34
35 45
35 25
36 37
36 35
36 46
36 26
37 38
37 36
37 47
37 27
38 39
38 37
38 48
38 28
39 40
39 38
39 49
39 29
40 30
40 39
40 50
41 31
41 42
41 51
42 43
42 41
42 52
42 32
43 44
43 42
43 53
43 33
44 45
44 43
44 54
44 34
45 46
45 44
45 55
45 35
46 47
46 45
46 56
46 36
47 48
47 46
47 57
47 37
48 49
48 47
48 58
48 38
49 50
49 48
49 59
49 39
50 40
50 49
50 60
51 41
51 52
51 61
52 53
52 51
52 62
52 42
53 54
53 52
53 63
53 43
54 55
54 53
54 64
54 44
55 56
55 54
55 65
55 45
56 57
56 55
56 66
56 46
57 58
57 56
57 67
57 47
58 59
58 57
58 68
58 48
59 60
59 58
59 69
59 49
60 50
60 59
60 70
61 51
61 62
61 71
62 63
62 61
62 72
62 52
63 64
63 62
63 73
63 53
64 65
64 63
64 74
64 54
65 66
65 64
65 75
65 55
66 67
66 65
66 76
66 56
67 68
67 66
67 77
67 57
68 69
68 67
68 78
68 58
69 70
69 68
69 79
69 59
70 60
70 69
70 80
71 61
71 72
71 81
72 73
72 71
72 82
72 62
73 74
73 72
73 83
73 63
74 75
74 73
74 84
74 64
75 76
75 74
75 85
75 65
76 77
76 75
76 86
76 66
77 78
77 76
77 87
77 67
78 79
78 77
78 88
78 68
79 80
79 78
79 89
79 69
80 70
80 79
80 90
81 71
81 82
81 91
82 83
82 81
82 92
82 72
83 84
83 82
83 93
83 73
84 85
84 83
84 94
84 74
85 86
85 84
85 95
85 75
86 87
86 85
86 96
86 76
87 88
87 86
87 97
87 77
88 89
88 87
88 98
88 78
89 90
89 88
89 99
89 79
90 80
90 89
90 100
91 81
91 92
92 91
92 82
92 93
93 92
93 83
93 94
94 93
94 84
94 95
95 94
95 85
95 96
96 95
96 86
96 97
97 96
97 87
97 98
98 97
98 88
98 99
99 98
99 89
99 100
100 99
100 90
